5 908.65
15 2635.75
25 4373.95
35 6382.75
45 7673.45
55 9317.45
65 11349
75 12816.4
85 14978
95 15351.9
105 16972.8
115 18770.2
125 20002.8
135 22271.5
145 22541.2
155 23947.5
165 25396
175 27066.3
185 27261.8
195 28875
205 30426.8
215 30493.1
225 26648.1
235 27909.2
245 29074.9
255 30222
265 31324.3
275 32700.6
285 33742.4
295 34990.7
305 35897.3
315 37304.7
325 38037.3
335 39573.2
345 41297
355 41307.6
365 42383.9
375 46399.3
385 45663.3
395 46889.3
405 47535.2
415 49733.3
425 51767.3
435 50240.6
445 50559
455 53597.5
465 57033.5
475 55412.7
485 56244.8
495 57050.5
505 59148.6
515 58756.4
525 60173
535 63114.9
545 67076.8
555 65383.8
565 65757.5
575 69574.6
585 68617.2
595 69793
605 70060.4
615 69809.7
625 70060.3
635 71414.1
645 71386.8
655 82564.3
665 76688.9
675 77138.6
685 74969
695 78584.1
705 81212.8
715 86537
725 81026.2
735 81622.6
745 83382.3
755 84703.3
765 84699
775 94273
785 88603.9
795 89426.4
805 89626.6
815 89944.9
825 98411.4
835 94591
845 92501.3
855 95906.6
865 96735.9
875 102148
885 100680
895 99144.1
905 100243
915 106643
925 111564
935 109392
945 109185
955 113115
965 110556
975 115552
985 110553
995 118732
1005 112769
1015 121635
1025 115334
1035 115644
1045 114991
1055 124101
1065 123221
1075 119359
1085 121933
1095 130517
1105 126652
1115 123681
1125 124470
1135 132924
1145 128479
1155 130134
1165 131065
1175 140704
1185 132033
1195 134364
1205 137397
1215 140553
1225 136056
1235 137538
1245 147148
1255 141178
1265 140701
1275 146335
1285 147654
1295 147615
1305 145555
1315 152740
1325 150269
1335 149150
1345 153597
1355 152449
1365 151920
1375 160309
1385 155923
1395 154335
1405 160051
1415 162820
1425 158529
1435 166621
1445 166153
1455 162502
1465 173881
1475 170009
1485 168294
1495 175433
1505 170661
1515 169687
1525 175176
1535 173948
1545 172536
1555 180830
1565 174241
1575 175897
1585 184747
1595 178862
1605 182870
1615 188114
1625 183428
1635 187056
1645 186050
1655 184708
1665 194017
1675 188241
1685 192917
1695 196223
1705 190645
1715 199889
1725 198275
1735 194533
1745 202271
1755 196378
1765 206048
1775 198995
1785 200009
1795 205674
1805 201160
1815 211106
1825 201495
1835 206936
1845 209316
1855 207859
1865 215125
1875 210698
1885 215829
1895 214217
1905 217390
1915 213556
1925 212981
1935 223711
1945 215645
1955 225070
1965 218416
1975 225337
1985 225813
1995 227787
2005 226634
2015 223430
2025 232342
2035 225877
2045 233479
2055 230227
2065 241407
2075 230778
2085 242098
2095 232210
2105 240877
2115 234885
2125 242752
2135 240427
2145 244143
2155 242207
2165 249209
2175 243341
2185 248537
2195 248055
2205 250907
2215 247296
2225 250806
2235 249211
2245 255796
2255 251822
2265 259345
2275 261960
2285 267220
2295 271262
2305 273091
2315 271044
2325 269168
2335 268661
2345 271784
2355 262936
2365 271747
2375 271189
2385 267954
2395 273148
2405 267691
2415 280745
2425 269544
2435 279046
2445 271913
2455 281193
2465 283314
2475 282137
2485 294948
2495 280048
2505 287672
2515 280672
2525 283906
2535 287212
2545 288759
2555 298187
2565 285140
2575 294771
2585 293774
2595 290556
2605 298794
2615 294165
2625 303919
2635 297711
2645 299265
2655 304197
2665 294797
2675 306624
2685 304893
2695 299251
2705 308752
2715 301406
2725 311985
2735 312357
2745 306501
2755 315521
2765 309850
2775 312950
2785 318615
2795 313172
2805 321072
2815 320744
2825 310001
2835 324609
2845 323645
2855 317432
2865 330523
2875 332440
2885 325391
2895 328668
2905 331563
2915 327500
2925 333631
2935 331005
2945 328470
2955 332077
2965 335254
2975 332043
2985 344995
2995 336163
3005 336941
3015 344866
3025 340408
3035 337313
3045 348065
3055 344144
3065 340880
3075 346731
3085 346724
3095 345274
3105 347270
3115 351234
3125 354224
3135 347457
3145 356493
3155 358083
3165 351372
3175 359083
3185 363442
3195 364444
3205 359015
3215 371569
3225 368701
3235 362842
3245 372533
3255 369083
3265 374864
3275 383083
3285 364766
3295 372346
3305 387437
3315 372615
3325 369690
3335 377792
3345 381885
3355 382139
3365 375251
3375 384241
3385 383118
3395 383043
3405 386016
3415 388166
3425 389061
3435 393513
3445 386146
3455 384108
3465 392015
3475 392777
3485 393767
3495 395371
3505 390482
3515 393408
3525 398931
3535 399702
3545 398310
3555 396969
3565 400340
3575 405833
3585 404682
3595 403582
3605 403926
3615 411085
3625 407096
3635 415772
3645 409952
3655 410368
3665 406267
3675 416459
3685 419626
3695 417159
3705 416136
3715 418317
3725 421010
3735 423988
3745 420877
3755 425470
3765 424231
3775 426767
3785 422182
3795 427639
3805 429995
3815 433026
3825 431317
3835 433346
3845 439954
3855 434613
3865 434397
3875 435172
3885 440885
3895 440372
3905 443681
3915 441016
3925 440839
3935 444194
3945 441635
3955 444616
3965 447908
3975 447756
3985 454866
3995 448251
4005 454171
4015 448296
4025 452775
4035 465194
4045 463003
4055 458958
4065 451161
4075 462283
4085 465720
4095 461811
4105 463840
4115 465197
4125 468650
4135 464294
4145 464703
4155 470824
4165 476338
4175 467973
4185 473229
4195 469633
4205 473108
4215 475332
4225 476920
4235 480695
4245 483316
4255 478945
4265 479781
4275 484029
4285 482994
4295 484908
4305 488284
4315 490754
4325 497680
4335 487441
4345 500987
4355 487973
4365 492516
4375 493725
4385 491563
4395 494527
4405 493901
4415 496692
4425 497611
4435 500140
4445 498124
4455 503645
4465 502420
4475 508931
4485 505341
4495 508493
4505 506803
4515 509662
4525 510466
4535 513139
4545 511682
4555 513518
4565 512405
4575 524270
4585 516773
4595 525105
4605 521429
4615 520920
4625 520621
4635 522949
4645 535273
4655 520204
4665 529984
4675 527812
4685 533339
4695 530485
4705 527553
4715 532246
4725 535047
4735 534310
4745 530874
4755 534560
4765 533783
4775 540514
4785 540620
4795 540160
4805 543772
4815 540839
4825 540274
4835 549282
4845 545648
4855 544425
4865 554415
4875 549346
4885 553799
4895 553262
4905 554708
4915 551218
4925 559447
4935 560869
4945 563921
4955 564404
4965 558170
4975 560768
4985 560591
4995 560254
5005 563833
5015 572016
5025 567460
5035 570471
5045 571276
5055 570784
5065 570161
5075 569219
5085 569543
5095 572103
5105 573095
5115 574982
5125 578489
5135 580349
5145 579642
5155 588841
5165 581525
5175 584445
5185 586247
5195 585455
5205 596066
5215 615554
5225 602350
5235 585656
5245 598536
5255 596200
5265 600139
5275 604589
5285 590256
5295 596453
5305 601790
5315 596382
5325 598049
5335 603448
5345 593494
5355 608407
5365 602205
5375 602476
5385 603586
5395 607399
5405 616382
5415 613397
5425 611198
5435 616540
5445 618424
5455 614201
5465 613074
5475 617206
5485 620196
5495 617354
5505 615529
5515 624485
5525 627315
5535 631467
5545 626249
5555 624503
5565 629237
5575 630673
5585 626246
5595 628034
5605 636772
5615 637447
5625 630438
5635 636759
5645 637621
5655 630933
5665 629824
5675 656511
5685 643223
5695 638139
5705 641486
5715 654245
5725 634428
5735 645433
5745 652020
5755 645087
5765 648223
5775 653629
5785 645489
5795 651183
5805 652786
5815 662701
5825 657337
5835 660969
5845 660288
5855 655304
5865 656961
5875 663365
5885 669979
5895 667301
5905 666125
5915 667295
5925 667803
5935 670982
5945 667918
5955 673045
5965 670904
5975 677009
5985 678304
5995 670621
6005 672531
6015 679731
6025 678240
6035 676463
6045 686883
6055 676378
6065 693804
6075 681814
6085 685715
6095 697216
6105 682792
6115 688688
6125 694172
6135 690950
6145 694449
6155 695324
6165 687512
6175 701681
6185 695317
